   -1.4095   -1.3953   -1.3531   -1.2864   -1.2020   -1.1057   -0.9990   -0.8796   -0.7426   -0.5844   -0.4051   -0.2094   -0.0055    0.1954    0.3793    0.5296    0.6291    0.6641    0.6291    0.5296    0.3793    0.1954   -0.0055   -0.2094   -0.4051   -0.5844   -0.7426   -0.8796   -0.9990   -1.1057   -1.2020   -1.2864   -1.3531   -1.3953   -1.4095
   -1.3678   -1.3307   -1.2786   -1.2125   -1.1333   -1.0413   -0.9354   -0.8131   -0.6717   -0.5097   -0.3285   -0.1327    0.0700    0.2690    0.4508    0.5991    0.6972    0.7317    0.6972    0.5991    0.4508    0.2690    0.0700   -0.1327   -0.3285   -0.5097   -0.6717   -0.8131   -0.9354   -1.0413   -1.1333   -1.2125   -1.2786   -1.3307   -1.3678
   -1.2848   -1.2511   -1.2021   -1.1401   -1.0657   -0.9783   -0.8761   -0.7566   -0.6175   -0.4579   -0.2793   -0.0862    0.1139    0.3107    0.4906    0.6377    0.7352    0.7695    0.7352    0.6377    0.4906    0.3107    0.1139   -0.0862   -0.2793   -0.4579   -0.6175   -0.7566   -0.8761   -0.9783   -1.0657   -1.1401   -1.2021   -1.2511   -1.2848
   -1.2056   -1.1790   -1.1358   -1.0796   -1.0057   -0.9081   -0.8148   -0.7214   -0.5882   -0.4342   -0.2605   -0.0716    0.1254    0.3201    0.4992    0.6463    0.7441    0.7786    0.7441    0.6463    0.4992    0.3201    0.1254   -0.0716   -0.2605   -0.4342   -0.5882   -0.7214   -0.8148   -0.9081   -1.0057   -1.0796   -1.1358   -1.1790   -1.2056
   -1.1471   -1.1237   -1.0847   -1.0341   -0.9446   -0.8479   -0.7560   -0.6735   -0.5832   -0.4370   -0.2700   -0.0862    0.1075    0.3007    0.4798    0.6280    0.7272    0.7623    0.7272    0.6280    0.4798    0.3007    0.1075   -0.0862   -0.2700   -0.4370   -0.5832   -0.6735   -0.7560   -0.8479   -0.9446   -1.0341   -1.0847   -1.1237   -1.1471
   -1.1069   -1.0811   -1.0436   -0.9975   -0.9315   -0.8375   -0.7485   -0.6695   -0.5957   -0.4598   -0.3013   -0.1237    0.0661    0.2579    0.4376    0.5878    0.6892    0.7252    0.6892    0.5878    0.4376    0.2579    0.0661   -0.1237   -0.3013   -0.4598   -0.5957   -0.6695   -0.7485   -0.8375   -0.9315   -0.9975   -1.0436   -1.0811   -1.1069
   -1.0644   -1.0319   -0.9941   -0.9524   -0.9060   -0.8529   -0.7854   -0.7107   -0.6134   -0.4918   -0.3451   -0.1761    0.0087    0.1985    0.3790    0.5316    0.6355    0.6727    0.6355    0.5316    0.3790    0.1985    0.0087   -0.1761   -0.3451   -0.4918   -0.6134   -0.7107   -0.7854   -0.8529   -0.9060   -0.9524   -0.9941   -1.0319   -1.0644
   -0.9771   -0.9394   -0.9030   -0.8675   -0.8316   -0.7928   -0.7474   -0.6904   -0.6155   -0.5161   -0.3883   -0.2330   -0.0565    0.1297    0.3101    0.4650    0.5717    0.6101    0.5717    0.4650    0.3101    0.1297   -0.0565   -0.2330   -0.3883   -0.5161   -0.6155   -0.6904   -0.7474   -0.7928   -0.8316   -0.8675   -0.9030   -0.9394   -0.9771
   -0.7939   -0.7576   -0.7263   -0.6995   -0.6761   -0.6541   -0.6306   -0.6015   -0.5603   -0.4983   -0.4060   -0.2782   -0.1189    0.0591    0.2373    0.3934    0.5026    0.5421    0.5026    0.3934    0.2373    0.0591   -0.1189   -0.2782   -0.4060   -0.4983   -0.5603   -0.6015   -0.6306   -0.6541   -0.6761   -0.6995   -0.7263   -0.7576   -0.7939
   -0.4954   -0.4624   -0.4365   -0.4173   -0.4041   -0.3957   -0.3904   -0.3858   -0.3786   -0.3632   -0.3303   -0.2649   -0.1534   -0.0011    0.1674    0.3220    0.4325    0.4730    0.4325    0.3220    0.1674   -0.0011   -0.1534   -0.2649   -0.3303   -0.3632   -0.3786   -0.3858   -0.3904   -0.3957   -0.4041   -0.4173   -0.4365   -0.4624   -0.4954
   -0.0984   -0.0670   -0.0437   -0.0285   -0.0207   -0.0194   -0.0232   -0.0309   -0.0407   -0.0508   -0.0586   -0.0599   -0.0451    0.0082    0.1205    0.2579    0.3655    0.4061    0.3655    0.2579    0.1205    0.0082   -0.0451   -0.0599   -0.0586   -0.0508   -0.0407   -0.0309   -0.0232   -0.0194   -0.0207   -0.0285   -0.0437   -0.0670   -0.0984
    0.3675    0.3990    0.4216    0.4355    0.4414    0.4401    0.4329    0.4210    0.4058    0.3886    0.3707    0.3532    0.3371    0.3235    0.3134    0.3099    0.3238    0.3440    0.3238    0.3099    0.3134    0.3235    0.3371    0.3532    0.3707    0.3886    0.4058    0.4210    0.4329    0.4401    0.4414    0.4355    0.4216    0.3990    0.3675
    0.8735    0.9058    0.9288    0.9428    0.9484    0.9467    0.9386    0.9257    0.9092    0.8905    0.8709    0.8514    0.8329    0.8161    0.8015    0.7894    0.7805    0.7770    0.7805    0.7894    0.8015    0.8161    0.8329    0.8514    0.8709    0.8905    0.9092    0.9257    0.9386    0.9467    0.9484    0.9428    0.9288    0.9058    0.8735
    1.3908    1.4243    1.4484    1.4634    1.4698    1.4688    1.4613    1.4488    1.4326    1.4141    1.3945    1.3751    1.3569    1.3407    1.3274    1.3173    1.3110    1.3089    1.3110    1.3173    1.3274    1.3407    1.3569    1.3751    1.3945    1.4141    1.4326    1.4488    1.4613    1.4688    1.4698    1.4634    1.4484    1.4243    1.3908
    1.8862    1.9213    1.9472    1.9639    1.9721    1.9728    1.9669    1.9558    1.9408    1.9232    1.9043    1.8853    1.8671    1.8507    1.8367    1.8257    1.8182    1.8154    1.8182    1.8257    1.8367    1.8507    1.8671    1.8853    1.9043    1.9232    1.9408    1.9558    1.9669    1.9728    1.9721    1.9639    1.9472    1.9213    1.8862
    2.3134    2.3518    2.3807    2.4004    2.3929    2.3955    2.4116    2.4030    2.3900    2.3739    2.3556    2.3359    2.3150    2.2917    2.2624    2.2194    2.1674    2.1423    2.1674    2.2194    2.2624    2.2917    2.3150    2.3359    2.3556    2.3739    2.3900    2.4030    2.4116    2.3955    2.3929    2.4004    2.3807    2.3518    2.3134
    2.5847    2.6044    2.5461    2.4846    2.4220    2.3785    2.4003    2.4756    2.5919    2.7082    2.6907    2.6664    2.6245    2.5421    2.4227    2.2972    2.1989    2.1609    2.1989    2.2972    2.4227    2.5421    2.6245    2.6664    2.6907    2.7082    2.5919    2.4756    2.4003    2.3785    2.4220    2.4846    2.5461    2.6044    2.5847
    2.6071    2.6991    2.6444    2.5823    2.5139    2.4403    2.3789    2.4588    2.5768    2.7304    2.8392    2.8293    2.7079    2.5732    2.4319    2.2974    2.1952    2.1561    2.1952    2.2974    2.4319    2.5732    2.7079    2.8293    2.8392    2.7304    2.5768    2.4588    2.3789    2.4403    2.5139    2.5823    2.6444    2.6991    2.6071
    2.5847    2.6044    2.5461    2.4846    2.4220    2.3785    2.4003    2.4756    2.5919    2.7082    2.6907    2.6664    2.6245    2.5421    2.4227    2.2972    2.1989    2.1609    2.1989    2.2972    2.4227    2.5421    2.6245    2.6664    2.6907    2.7082    2.5919    2.4756    2.4003    2.3785    2.4220    2.4846    2.5461    2.6044    2.5847
    2.3134    2.3518    2.3807    2.4004    2.3929    2.3955    2.4116    2.4030    2.3900    2.3739    2.3556    2.3359    2.3150    2.2917    2.2624    2.2194    2.1674    2.1423    2.1674    2.2194    2.2624    2.2917    2.3150    2.3359    2.3556    2.3739    2.3900    2.4030    2.4116    2.3955    2.3929    2.4004    2.3807    2.3518    2.3134
    1.8862    1.9213    1.9472    1.9639    1.9721    1.9728    1.9669    1.9558    1.9408    1.9232    1.9043    1.8853    1.8671    1.8507    1.8367    1.8257    1.8182    1.8154    1.8182    1.8257    1.8367    1.8507    1.8671    1.8853    1.9043    1.9232    1.9408    1.9558    1.9669    1.9728    1.9721    1.9639    1.9472    1.9213    1.8862
    1.3908    1.4243    1.4484    1.4634    1.4698    1.4688    1.4613    1.4488    1.4326    1.4141    1.3945    1.3751    1.3569    1.3407    1.3274    1.3173    1.3110    1.3089    1.3110    1.3173    1.3274    1.3407    1.3569    1.3751    1.3945    1.4141    1.4326    1.4488    1.4613    1.4688    1.4698    1.4634    1.4484    1.4243    1.3908
    0.8735    0.9058    0.9288    0.9428    0.9484    0.9467    0.9386    0.9257    0.9092    0.8905    0.8709    0.8514    0.8329    0.8161    0.8015    0.7894    0.7805    0.7770    0.7805    0.7894    0.8015    0.8161    0.8329    0.8514    0.8709    0.8905    0.9092    0.9257    0.9386    0.9467    0.9484    0.9428    0.9288    0.9058    0.8735
    0.3675    0.3990    0.4216    0.4355    0.4414    0.4401    0.4329    0.4210    0.4058    0.3886    0.3707    0.3532    0.3371    0.3235    0.3134    0.3099    0.3238    0.3440    0.3238    0.3099    0.3134    0.3235    0.3371    0.3532    0.3707    0.3886    0.4058    0.4210    0.4329    0.4401    0.4414    0.4355    0.4216    0.3990    0.3675
   -0.0984   -0.0670   -0.0437   -0.0285   -0.0207   -0.0194   -0.0232   -0.0309   -0.0407   -0.0508   -0.0586   -0.0599   -0.0451    0.0082    0.1205    0.2579    0.3655    0.4061    0.3655    0.2579    0.1205    0.0082   -0.0451   -0.0599   -0.0586   -0.0508   -0.0407   -0.0309   -0.0232   -0.0194   -0.0207   -0.0285   -0.0437   -0.0670   -0.0984
   -0.4954   -0.4624   -0.4365   -0.4173   -0.4041   -0.3957   -0.3904   -0.3858   -0.3786   -0.3632   -0.3303   -0.2649   -0.1534   -0.0011    0.1674    0.3220    0.4325    0.4730    0.4325    0.3220    0.1674   -0.0011   -0.1534   -0.2649   -0.3303   -0.3632   -0.3786   -0.3858   -0.3904   -0.3957   -0.4041   -0.4173   -0.4365   -0.4624   -0.4954
   -0.7939   -0.7576   -0.7263   -0.6995   -0.6761   -0.6541   -0.6306   -0.6015   -0.5603   -0.4983   -0.4060   -0.2782   -0.1189    0.0591    0.2373    0.3934    0.5026    0.5421    0.5026    0.3934    0.2373    0.0591   -0.1189   -0.2782   -0.4060   -0.4983   -0.5603   -0.6015   -0.6306   -0.6541   -0.6761   -0.6995   -0.7263   -0.7576   -0.7939
   -0.9771   -0.9394   -0.9030   -0.8675   -0.8316   -0.7928   -0.7474   -0.6904   -0.6155   -0.5161   -0.3883   -0.2330   -0.0565    0.1297    0.3101    0.4650    0.5717    0.6101    0.5717    0.4650    0.3101    0.1297   -0.0565   -0.2330   -0.3883   -0.5161   -0.6155   -0.6904   -0.7474   -0.7928   -0.8316   -0.8675   -0.9030   -0.9394   -0.9771
   -1.0644   -1.0319   -0.9941   -0.9524   -0.9060   -0.8529   -0.7854   -0.7107   -0.6134   -0.4918   -0.3451   -0.1761    0.0087    0.1985    0.3790    0.5316    0.6355    0.6727    0.6355    0.5316    0.3790    0.1985    0.0087   -0.1761   -0.3451   -0.4918   -0.6134   -0.7107   -0.7854   -0.8529   -0.9060   -0.9524   -0.9941   -1.0319   -1.0644
   -1.1069   -1.0811   -1.0436   -0.9975   -0.9315   -0.8375   -0.7485   -0.6695   -0.5957   -0.4598   -0.3013   -0.1237    0.0661    0.2579    0.4376    0.5878    0.6892    0.7252    0.6892    0.5878    0.4376    0.2579    0.0661   -0.1237   -0.3013   -0.4598   -0.5957   -0.6695   -0.7485   -0.8375   -0.9315   -0.9975   -1.0436   -1.0811   -1.1069
   -1.1471   -1.1237   -1.0847   -1.0341   -0.9446   -0.8479   -0.7560   -0.6735   -0.5832   -0.4370   -0.2700   -0.0862    0.1075    0.3007    0.4798    0.6280    0.7272    0.7623    0.7272    0.6280    0.4798    0.3007    0.1075   -0.0862   -0.2700   -0.4370   -0.5832   -0.6735   -0.7560   -0.8479   -0.9446   -1.0341   -1.0847   -1.1237   -1.1471
   -1.2056   -1.1790   -1.1358   -1.0796   -1.0057   -0.9081   -0.8148   -0.7214   -0.5882   -0.4342   -0.2605   -0.0716    0.1254    0.3201    0.4992    0.6463    0.7441    0.7786    0.7441    0.6463    0.4992    0.3201    0.1254   -0.0716   -0.2605   -0.4342   -0.5882   -0.7214   -0.8148   -0.9081   -1.0057   -1.0796   -1.1358   -1.1790   -1.2056
   -1.2848   -1.2511   -1.2021   -1.1401   -1.0657   -0.9783   -0.8761   -0.7566   -0.6175   -0.4579   -0.2793   -0.0862    0.1139    0.3107    0.4906    0.6377    0.7352    0.7695    0.7352    0.6377    0.4906    0.3107    0.1139   -0.0862   -0.2793   -0.4579   -0.6175   -0.7566   -0.8761   -0.9783   -1.0657   -1.1401   -1.2021   -1.2511   -1.2848
   -1.3678   -1.3307   -1.2786   -1.2125   -1.1333   -1.0413   -0.9354   -0.8131   -0.6717   -0.5097   -0.3285   -0.1327    0.0700    0.2690    0.4508    0.5991    0.6972    0.7317    0.6972    0.5991    0.4508    0.2690    0.0700   -0.1327   -0.3285   -0.5097   -0.6717   -0.8131   -0.9354   -1.0413   -1.1333   -1.2125   -1.2786   -1.3307   -1.3678
   -1.4095   -1.3953   -1.3531   -1.2864   -1.2020   -1.1057   -0.9990   -0.8796   -0.7426   -0.5844   -0.4051   -0.2094   -0.0055    0.1954    0.3793    0.5296    0.6291    0.6641    0.6291    0.5296    0.3793    0.1954   -0.0055   -0.2094   -0.4051   -0.5844   -0.7426   -0.8796   -0.9990   -1.1057   -1.2020   -1.2864   -1.3531   -1.3953   -1.4095
