   -0.9752   -0.9752   -0.9752   -0.9752   -0.9752   -0.9752   -0.9752   -0.9752   -0.9752   -0.9752   -0.9752   -0.9752   -0.9752   -0.9752   -0.9752   -0.9752   -0.9752   -0.9752   -0.9752   -0.9752   -0.9752   -0.9752   -0.9752   -0.9752   -0.9752   -0.9752   -0.9752   -0.9752   -0.9752   -0.9752   -0.9752   -0.9752   -0.9752   -0.9752   -0.9752
   -0.9178   -0.9178   -0.9178   -0.9178   -0.9178   -0.9178   -0.9178   -0.9178   -0.9178   -0.9178   -0.9178   -0.9178   -0.9178   -0.9178   -0.9178   -0.9178   -0.9178   -0.9178   -0.9178   -0.9178   -0.9178   -0.9178   -0.9178   -0.9178   -0.9178   -0.9178   -0.9178   -0.9178   -0.9178   -0.9178   -0.9178   -0.9178   -0.9178   -0.9178   -0.9178
   -0.8605   -0.8605   -0.8605   -0.8605   -0.8605   -0.8605   -0.8605   -0.8605   -0.8605   -0.8605   -0.8605   -0.8605   -0.8605   -0.8605   -0.8605   -0.8605   -0.8605   -0.8605   -0.8605   -0.8605   -0.8605   -0.8605   -0.8605   -0.8605   -0.8605   -0.8605   -0.8605   -0.8605   -0.8605   -0.8605   -0.8605   -0.8605   -0.8605   -0.8605   -0.8605
   -0.8031   -0.8031   -0.8031   -0.8031   -0.8031   -0.8031   -0.8031   -0.8031   -0.8031   -0.8031   -0.8031   -0.8031   -0.8031   -0.8031   -0.8031   -0.8031   -0.8031   -0.8031   -0.8031   -0.8031   -0.8031   -0.8031   -0.8031   -0.8031   -0.8031   -0.8031   -0.8031   -0.8031   -0.8031   -0.8031   -0.8031   -0.8031   -0.8031   -0.8031   -0.8031
   -0.7457   -0.7457   -0.7457   -0.7457   -0.7457   -0.7457   -0.7457   -0.7457   -0.7457   -0.7457   -0.7457   -0.7457   -0.7457   -0.7457   -0.7457   -0.7457   -0.7457   -0.7457   -0.7457   -0.7457   -0.7457   -0.7457   -0.7457   -0.7457   -0.7457   -0.7457   -0.7457   -0.7457   -0.7457   -0.7457   -0.7457   -0.7457   -0.7457   -0.7457   -0.7457
   -0.6884   -0.6884   -0.6884   -0.6884   -0.6884   -0.6884   -0.6884   -0.6884   -0.6884   -0.6884   -0.6884   -0.6884   -0.6884   -0.6884   -0.6884   -0.6884   -0.6884   -0.6884   -0.6884   -0.6884   -0.6884   -0.6884   -0.6884   -0.6884   -0.6884   -0.6884   -0.6884   -0.6884   -0.6884   -0.6884   -0.6884   -0.6884   -0.6884   -0.6884   -0.6884
   -0.6310   -0.6310   -0.6310   -0.6310   -0.6310   -0.6310   -0.6310   -0.6310   -0.6310   -0.6310   -0.6310   -0.6310   -0.6310   -0.6310   -0.6310   -0.6310   -0.6310   -0.6310   -0.6310   -0.6310   -0.6310   -0.6310   -0.6310   -0.6310   -0.6310   -0.6310   -0.6310   -0.6310   -0.6310   -0.6310   -0.6310   -0.6310   -0.6310   -0.6310   -0.6310
   -0.5736   -0.5736   -0.5736   -0.5736   -0.5736   -0.5736   -0.5736   -0.5736   -0.5736   -0.5736   -0.5736   -0.5736   -0.5736   -0.5736   -0.5736   -0.5736   -0.5736   -0.5736   -0.5736   -0.5736   -0.5736   -0.5736   -0.5736   -0.5736   -0.5736   -0.5736   -0.5736   -0.5736   -0.5736   -0.5736   -0.5736   -0.5736   -0.5736   -0.5736   -0.5736
   -0.5163   -0.5163   -0.5163   -0.5163   -0.5163   -0.5163   -0.5163   -0.5163   -0.5163   -0.5163   -0.5163   -0.5163   -0.5163   -0.5163   -0.5163   -0.5163   -0.5163   -0.5163   -0.5163   -0.5163   -0.5163   -0.5163   -0.5163   -0.5163   -0.5163   -0.5163   -0.5163   -0.5163   -0.5163   -0.5163   -0.5163   -0.5163   -0.5163   -0.5163   -0.5163
   -0.4589   -0.4589   -0.4589   -0.4589   -0.4589   -0.4589   -0.4589   -0.4589   -0.4589   -0.4589   -0.4589   -0.4589   -0.4589   -0.4589   -0.4589   -0.4589   -0.4589   -0.4589   -0.4589   -0.4589   -0.4589   -0.4589   -0.4589   -0.4589   -0.4589   -0.4589   -0.4589   -0.4589   -0.4589   -0.4589   -0.4589   -0.4589   -0.4589   -0.4589   -0.4589
   -0.4016   -0.4016   -0.4016   -0.4016   -0.4016   -0.4016   -0.4016   -0.4016   -0.4016   -0.4016   -0.4016   -0.4016   -0.4016   -0.4016   -0.4016   -0.4016   -0.4016   -0.4016   -0.4016   -0.4016   -0.4016   -0.4016   -0.4016   -0.4016   -0.4016   -0.4016   -0.4016   -0.4016   -0.4016   -0.4016   -0.4016   -0.4016   -0.4016   -0.4016   -0.4016
   -0.3442   -0.3442   -0.3442   -0.3442   -0.3442   -0.3442   -0.3442   -0.3442   -0.3442   -0.3442   -0.3442   -0.3442   -0.3442   -0.3442   -0.3442   -0.3442   -0.3442   -0.3442   -0.3442   -0.3442   -0.3442   -0.3442   -0.3442   -0.3442   -0.3442   -0.3442   -0.3442   -0.3442   -0.3442   -0.3442   -0.3442   -0.3442   -0.3442   -0.3442   -0.3442
   -0.2868   -0.2868   -0.2868   -0.2868   -0.2868   -0.2868   -0.2868   -0.2868   -0.2868   -0.2868   -0.2868   -0.2868   -0.2868   -0.2868   -0.2868   -0.2868   -0.2868   -0.2868   -0.2868   -0.2868   -0.2868   -0.2868   -0.2868   -0.2868   -0.2868   -0.2868   -0.2868   -0.2868   -0.2868   -0.2868   -0.2868   -0.2868   -0.2868   -0.2868   -0.2868
   -0.2295   -0.2295   -0.2295   -0.2295   -0.2295   -0.2295   -0.2295   -0.2295   -0.2295   -0.2295   -0.2295   -0.2295   -0.2295   -0.2295   -0.2295   -0.2295   -0.2295   -0.2295   -0.2295   -0.2295   -0.2295   -0.2295   -0.2295   -0.2295   -0.2295   -0.2295   -0.2295   -0.2295   -0.2295   -0.2295   -0.2295   -0.2295   -0.2295   -0.2295   -0.2295
   -0.1721   -0.1721   -0.1721   -0.1721   -0.1721   -0.1721   -0.1721   -0.1721   -0.1721   -0.1721   -0.1721   -0.1721   -0.1721   -0.1721   -0.1721   -0.1721   -0.1721   -0.1721   -0.1721   -0.1721   -0.1721   -0.1721   -0.1721   -0.1721   -0.1721   -0.1721   -0.1721   -0.1721   -0.1721   -0.1721   -0.1721   -0.1721   -0.1721   -0.1721   -0.1721
   -0.1147   -0.1147   -0.1147   -0.1147   -0.1147   -0.1147   -0.1147   -0.1147   -0.1147   -0.1147   -0.1147   -0.1147   -0.1147   -0.1147   -0.1147   -0.1147   -0.1147   -0.1147   -0.1147   -0.1147   -0.1147   -0.1147   -0.1147   -0.1147   -0.1147   -0.1147   -0.1147   -0.1147   -0.1147   -0.1147   -0.1147   -0.1147   -0.1147   -0.1147   -0.1147
   -0.0574   -0.0574   -0.0574   -0.0574   -0.0574   -0.0574   -0.0574   -0.0574   -0.0574   -0.0574   -0.0574   -0.0574   -0.0574   -0.0574   -0.0574   -0.0574   -0.0574   -0.0574   -0.0574   -0.0574   -0.0574   -0.0574   -0.0574   -0.0574   -0.0574   -0.0574   -0.0574   -0.0574   -0.0574   -0.0574   -0.0574   -0.0574   -0.0574   -0.0574   -0.0574
    0.0000    0.0000    0.0000    0.0000    0.0000    0.0000    0.0000    0.0000    0.0000    0.0000    0.0000    0.0000    0.0000    0.0000    0.0000    0.0000    0.0000    0.0000    0.0000    0.0000    0.0000    0.0000    0.0000    0.0000    0.0000    0.0000    0.0000    0.0000    0.0000    0.0000    0.0000    0.0000    0.0000    0.0000    0.0000
    0.0574    0.0574    0.0574    0.0574    0.0574    0.0574    0.0574    0.0574    0.0574    0.0574    0.0574    0.0574    0.0574    0.0574    0.0574    0.0574    0.0574    0.0574    0.0574    0.0574    0.0574    0.0574    0.0574    0.0574    0.0574    0.0574    0.0574    0.0574    0.0574    0.0574    0.0574    0.0574    0.0574    0.0574    0.0574
    0.1147    0.1147    0.1147    0.1147    0.1147    0.1147    0.1147    0.1147    0.1147    0.1147    0.1147    0.1147    0.1147    0.1147    0.1147    0.1147    0.1147    0.1147    0.1147    0.1147    0.1147    0.1147    0.1147    0.1147    0.1147    0.1147    0.1147    0.1147    0.1147    0.1147    0.1147    0.1147    0.1147    0.1147    0.1147
    0.1721    0.1721    0.1721    0.1721    0.1721    0.1721    0.1721    0.1721    0.1721    0.1721    0.1721    0.1721    0.1721    0.1721    0.1721    0.1721    0.1721    0.1721    0.1721    0.1721    0.1721    0.1721    0.1721    0.1721    0.1721    0.1721    0.1721    0.1721    0.1721    0.1721    0.1721    0.1721    0.1721    0.1721    0.1721
    0.2295    0.2295    0.2295    0.2295    0.2295    0.2295    0.2295    0.2295    0.2295    0.2295    0.2295    0.2295    0.2295    0.2295    0.2295    0.2295    0.2295    0.2295    0.2295    0.2295    0.2295    0.2295    0.2295    0.2295    0.2295    0.2295    0.2295    0.2295    0.2295    0.2295    0.2295    0.2295    0.2295    0.2295    0.2295
    0.2868    0.2868    0.2868    0.2868    0.2868    0.2868    0.2868    0.2868    0.2868    0.2868    0.2868    0.2868    0.2868    0.2868    0.2868    0.2868    0.2868    0.2868    0.2868    0.2868    0.2868    0.2868    0.2868    0.2868    0.2868    0.2868    0.2868    0.2868    0.2868    0.2868    0.2868    0.2868    0.2868    0.2868    0.2868
    0.3442    0.3442    0.3442    0.3442    0.3442    0.3442    0.3442    0.3442    0.3442    0.3442    0.3442    0.3442    0.3442    0.3442    0.3442    0.3442    0.3442    0.3442    0.3442    0.3442    0.3442    0.3442    0.3442    0.3442    0.3442    0.3442    0.3442    0.3442    0.3442    0.3442    0.3442    0.3442    0.3442    0.3442    0.3442
    0.4016    0.4016    0.4016    0.4016    0.4016    0.4016    0.4016    0.4016    0.4016    0.4016    0.4016    0.4016    0.4016    0.4016    0.4016    0.4016    0.4016    0.4016    0.4016    0.4016    0.4016    0.4016    0.4016    0.4016    0.4016    0.4016    0.4016    0.4016    0.4016    0.4016    0.4016    0.4016    0.4016    0.4016    0.4016
    0.4589    0.4589    0.4589    0.4589    0.4589    0.4589    0.4589    0.4589    0.4589    0.4589    0.4589    0.4589    0.4589    0.4589    0.4589    0.4589    0.4589    0.4589    0.4589    0.4589    0.4589    0.4589    0.4589    0.4589    0.4589    0.4589    0.4589    0.4589    0.4589    0.4589    0.4589    0.4589    0.4589    0.4589    0.4589
    0.5163    0.5163    0.5163    0.5163    0.5163    0.5163    0.5163    0.5163    0.5163    0.5163    0.5163    0.5163    0.5163    0.5163    0.5163    0.5163    0.5163    0.5163    0.5163    0.5163    0.5163    0.5163    0.5163    0.5163    0.5163    0.5163    0.5163    0.5163    0.5163    0.5163    0.5163    0.5163    0.5163    0.5163    0.5163
    0.5736    0.5736    0.5736    0.5736    0.5736    0.5736    0.5736    0.5736    0.5736    0.5736    0.5736    0.5736    0.5736    0.5736    0.5736    0.5736    0.5736    0.5736    0.5736    0.5736    0.5736    0.5736    0.5736    0.5736    0.5736    0.5736    0.5736    0.5736    0.5736    0.5736    0.5736    0.5736    0.5736    0.5736    0.5736
    0.6310    0.6310    0.6310    0.6310    0.6310    0.6310    0.6310    0.6310    0.6310    0.6310    0.6310    0.6310    0.6310    0.6310    0.6310    0.6310    0.6310    0.6310    0.6310    0.6310    0.6310    0.6310    0.6310    0.6310    0.6310    0.6310    0.6310    0.6310    0.6310    0.6310    0.6310    0.6310    0.6310    0.6310    0.6310
    0.6884    0.6884    0.6884    0.6884    0.6884    0.6884    0.6884    0.6884    0.6884    0.6884    0.6884    0.6884    0.6884    0.6884    0.6884    0.6884    0.6884    0.6884    0.6884    0.6884    0.6884    0.6884    0.6884    0.6884    0.6884    0.6884    0.6884    0.6884    0.6884    0.6884    0.6884    0.6884    0.6884    0.6884    0.6884
    0.7457    0.7457    0.7457    0.7457    0.7457    0.7457    0.7457    0.7457    0.7457    0.7457    0.7457    0.7457    0.7457    0.7457    0.7457    0.7457    0.7457    0.7457    0.7457    0.7457    0.7457    0.7457    0.7457    0.7457    0.7457    0.7457    0.7457    0.7457    0.7457    0.7457    0.7457    0.7457    0.7457    0.7457    0.7457
    0.8031    0.8031    0.8031    0.8031    0.8031    0.8031    0.8031    0.8031    0.8031    0.8031    0.8031    0.8031    0.8031    0.8031    0.8031    0.8031    0.8031    0.8031    0.8031    0.8031    0.8031    0.8031    0.8031    0.8031    0.8031    0.8031    0.8031    0.8031    0.8031    0.8031    0.8031    0.8031    0.8031    0.8031    0.8031
    0.8605    0.8605    0.8605    0.8605    0.8605    0.8605    0.8605    0.8605    0.8605    0.8605    0.8605    0.8605    0.8605    0.8605    0.8605    0.8605    0.8605    0.8605    0.8605    0.8605    0.8605    0.8605    0.8605    0.8605    0.8605    0.8605    0.8605    0.8605    0.8605    0.8605    0.8605    0.8605    0.8605    0.8605    0.8605
    0.9178    0.9178    0.9178    0.9178    0.9178    0.9178    0.9178    0.9178    0.9178    0.9178    0.9178    0.9178    0.9178    0.9178    0.9178    0.9178    0.9178    0.9178    0.9178    0.9178    0.9178    0.9178    0.9178    0.9178    0.9178    0.9178    0.9178    0.9178    0.9178    0.9178    0.9178    0.9178    0.9178    0.9178    0.9178
    0.9752    0.9752    0.9752    0.9752    0.9752    0.9752    0.9752    0.9752    0.9752    0.9752    0.9752    0.9752    0.9752    0.9752    0.9752    0.9752    0.9752    0.9752    0.9752    0.9752    0.9752    0.9752    0.9752    0.9752    0.9752    0.9752    0.9752    0.9752    0.9752    0.9752    0.9752    0.9752    0.9752    0.9752    0.9752
