   -0.7752   -0.7296   -0.6840   -0.6384   -0.5928   -0.5472   -0.5016   -0.4560   -0.4104   -0.3648   -0.3192   -0.2736   -0.2280   -0.1824   -0.1368   -0.0912   -0.0456    0.0000    0.0456    0.0912    0.1368    0.1824    0.2280    0.2736    0.3192    0.3648    0.4104    0.4560    0.5016    0.5472    0.5928    0.6384    0.6840    0.7296    0.7752
   -0.7752   -0.7296   -0.6840   -0.6384   -0.5928   -0.5472   -0.5016   -0.4560   -0.4104   -0.3648   -0.3192   -0.2736   -0.2280   -0.1824   -0.1368   -0.0912   -0.0456    0.0000    0.0456    0.0912    0.1368    0.1824    0.2280    0.2736    0.3192    0.3648    0.4104    0.4560    0.5016    0.5472    0.5928    0.6384    0.6840    0.7296    0.7752
   -0.7752   -0.7296   -0.6840   -0.6384   -0.5928   -0.5472   -0.5016   -0.4560   -0.4104   -0.3648   -0.3192   -0.2736   -0.2280   -0.1824   -0.1368   -0.0912   -0.0456    0.0000    0.0456    0.0912    0.1368    0.1824    0.2280    0.2736    0.3192    0.3648    0.4104    0.4560    0.5016    0.5472    0.5928    0.6384    0.6840    0.7296    0.7752
   -0.7752   -0.7296   -0.6840   -0.6384   -0.5928   -0.5472   -0.5016   -0.4560   -0.4104   -0.3648   -0.3192   -0.2736   -0.2280   -0.1824   -0.1368   -0.0912   -0.0456    0.0000    0.0456    0.0912    0.1368    0.1824    0.2280    0.2736    0.3192    0.3648    0.4104    0.4560    0.5016    0.5472    0.5928    0.6384    0.6840    0.7296    0.7752
   -0.7752   -0.7296   -0.6840   -0.6384   -0.5928   -0.5472   -0.5016   -0.4560   -0.4104   -0.3648   -0.3192   -0.2736   -0.2280   -0.1824   -0.1368   -0.0912   -0.0456    0.0000    0.0456    0.0912    0.1368    0.1824    0.2280    0.2736    0.3192    0.3648    0.4104    0.4560    0.5016    0.5472    0.5928    0.6384    0.6840    0.7296    0.7752
   -0.7752   -0.7296   -0.6840   -0.6384   -0.5928   -0.5472   -0.5016   -0.4560   -0.4104   -0.3648   -0.3192   -0.2736   -0.2280   -0.1824   -0.1368   -0.0912   -0.0456    0.0000    0.0456    0.0912    0.1368    0.1824    0.2280    0.2736    0.3192    0.3648    0.4104    0.4560    0.5016    0.5472    0.5928    0.6384    0.6840    0.7296    0.7752
   -0.7752   -0.7296   -0.6840   -0.6384   -0.5928   -0.5472   -0.5016   -0.4560   -0.4104   -0.3648   -0.3192   -0.2736   -0.2280   -0.1824   -0.1368   -0.0912   -0.0456    0.0000    0.0456    0.0912    0.1368    0.1824    0.2280    0.2736    0.3192    0.3648    0.4104    0.4560    0.5016    0.5472    0.5928    0.6384    0.6840    0.7296    0.7752
   -0.7752   -0.7296   -0.6840   -0.6384   -0.5928   -0.5472   -0.5016   -0.4560   -0.4104   -0.3648   -0.3192   -0.2736   -0.2280   -0.1824   -0.1368   -0.0912   -0.0456    0.0000    0.0456    0.0912    0.1368    0.1824    0.2280    0.2736    0.3192    0.3648    0.4104    0.4560    0.5016    0.5472    0.5928    0.6384    0.6840    0.7296    0.7752
   -0.7752   -0.7296   -0.6840   -0.6384   -0.5928   -0.5472   -0.5016   -0.4560   -0.4104   -0.3648   -0.3192   -0.2736   -0.2280   -0.1824   -0.1368   -0.0912   -0.0456    0.0000    0.0456    0.0912    0.1368    0.1824    0.2280    0.2736    0.3192    0.3648    0.4104    0.4560    0.5016    0.5472    0.5928    0.6384    0.6840    0.7296    0.7752
   -0.7752   -0.7296   -0.6840   -0.6384   -0.5928   -0.5472   -0.5016   -0.4560   -0.4104   -0.3648   -0.3192   -0.2736   -0.2280   -0.1824   -0.1368   -0.0912   -0.0456    0.0000    0.0456    0.0912    0.1368    0.1824    0.2280    0.2736    0.3192    0.3648    0.4104    0.4560    0.5016    0.5472    0.5928    0.6384    0.6840    0.7296    0.7752
   -0.7752   -0.7296   -0.6840   -0.6384   -0.5928   -0.5472   -0.5016   -0.4560   -0.4104   -0.3648   -0.3192   -0.2736   -0.2280   -0.1824   -0.1368   -0.0912   -0.0456    0.0000    0.0456    0.0912    0.1368    0.1824    0.2280    0.2736    0.3192    0.3648    0.4104    0.4560    0.5016    0.5472    0.5928    0.6384    0.6840    0.7296    0.7752
   -0.7752   -0.7296   -0.6840   -0.6384   -0.5928   -0.5472   -0.5016   -0.4560   -0.4104   -0.3648   -0.3192   -0.2736   -0.2280   -0.1824   -0.1368   -0.0912   -0.0456    0.0000    0.0456    0.0912    0.1368    0.1824    0.2280    0.2736    0.3192    0.3648    0.4104    0.4560    0.5016    0.5472    0.5928    0.6384    0.6840    0.7296    0.7752
   -0.7752   -0.7296   -0.6840   -0.6384   -0.5928   -0.5472   -0.5016   -0.4560   -0.4104   -0.3648   -0.3192   -0.2736   -0.2280   -0.1824   -0.1368   -0.0912   -0.0456    0.0000    0.0456    0.0912    0.1368    0.1824    0.2280    0.2736    0.3192    0.3648    0.4104    0.4560    0.5016    0.5472    0.5928    0.6384    0.6840    0.7296    0.7752
   -0.7752   -0.7296   -0.6840   -0.6384   -0.5928   -0.5472   -0.5016   -0.4560   -0.4104   -0.3648   -0.3192   -0.2736   -0.2280   -0.1824   -0.1368   -0.0912   -0.0456    0.0000    0.0456    0.0912    0.1368    0.1824    0.2280    0.2736    0.3192    0.3648    0.4104    0.4560    0.5016    0.5472    0.5928    0.6384    0.6840    0.7296    0.7752
   -0.7752   -0.7296   -0.6840   -0.6384   -0.5928   -0.5472   -0.5016   -0.4560   -0.4104   -0.3648   -0.3192   -0.2736   -0.2280   -0.1824   -0.1368   -0.0912   -0.0456    0.0000    0.0456    0.0912    0.1368    0.1824    0.2280    0.2736    0.3192    0.3648    0.4104    0.4560    0.5016    0.5472    0.5928    0.6384    0.6840    0.7296    0.7752
   -0.7752   -0.7296   -0.6840   -0.6384   -0.5928   -0.5472   -0.5016   -0.4560   -0.4104   -0.3648   -0.3192   -0.2736   -0.2280   -0.1824   -0.1368   -0.0912   -0.0456    0.0000    0.0456    0.0912    0.1368    0.1824    0.2280    0.2736    0.3192    0.3648    0.4104    0.4560    0.5016    0.5472    0.5928    0.6384    0.6840    0.7296    0.7752
   -0.7752   -0.7296   -0.6840   -0.6384   -0.5928   -0.5472   -0.5016   -0.4560   -0.4104   -0.3648   -0.3192   -0.2736   -0.2280   -0.1824   -0.1368   -0.0912   -0.0456    0.0000    0.0456    0.0912    0.1368    0.1824    0.2280    0.2736    0.3192    0.3648    0.4104    0.4560    0.5016    0.5472    0.5928    0.6384    0.6840    0.7296    0.7752
   -0.7752   -0.7296   -0.6840   -0.6384   -0.5928   -0.5472   -0.5016   -0.4560   -0.4104   -0.3648   -0.3192   -0.2736   -0.2280   -0.1824   -0.1368   -0.0912   -0.0456    0.0000    0.0456    0.0912    0.1368    0.1824    0.2280    0.2736    0.3192    0.3648    0.4104    0.4560    0.5016    0.5472    0.5928    0.6384    0.6840    0.7296    0.7752
   -0.7752   -0.7296   -0.6840   -0.6384   -0.5928   -0.5472   -0.5016   -0.4560   -0.4104   -0.3648   -0.3192   -0.2736   -0.2280   -0.1824   -0.1368   -0.0912   -0.0456    0.0000    0.0456    0.0912    0.1368    0.1824    0.2280    0.2736    0.3192    0.3648    0.4104    0.4560    0.5016    0.5472    0.5928    0.6384    0.6840    0.7296    0.7752
   -0.7752   -0.7296   -0.6840   -0.6384   -0.5928   -0.5472   -0.5016   -0.4560   -0.4104   -0.3648   -0.3192   -0.2736   -0.2280   -0.1824   -0.1368   -0.0912   -0.0456    0.0000    0.0456    0.0912    0.1368    0.1824    0.2280    0.2736    0.3192    0.3648    0.4104    0.4560    0.5016    0.5472    0.5928    0.6384    0.6840    0.7296    0.7752
   -0.7752   -0.7296   -0.6840   -0.6384   -0.5928   -0.5472   -0.5016   -0.4560   -0.4104   -0.3648   -0.3192   -0.2736   -0.2280   -0.1824   -0.1368   -0.0912   -0.0456    0.0000    0.0456    0.0912    0.1368    0.1824    0.2280    0.2736    0.3192    0.3648    0.4104    0.4560    0.5016    0.5472    0.5928    0.6384    0.6840    0.7296    0.7752
   -0.7752   -0.7296   -0.6840   -0.6384   -0.5928   -0.5472   -0.5016   -0.4560   -0.4104   -0.3648   -0.3192   -0.2736   -0.2280   -0.1824   -0.1368   -0.0912   -0.0456    0.0000    0.0456    0.0912    0.1368    0.1824    0.2280    0.2736    0.3192    0.3648    0.4104    0.4560    0.5016    0.5472    0.5928    0.6384    0.6840    0.7296    0.7752
   -0.7752   -0.7296   -0.6840   -0.6384   -0.5928   -0.5472   -0.5016   -0.4560   -0.4104   -0.3648   -0.3192   -0.2736   -0.2280   -0.1824   -0.1368   -0.0912   -0.0456    0.0000    0.0456    0.0912    0.1368    0.1824    0.2280    0.2736    0.3192    0.3648    0.4104    0.4560    0.5016    0.5472    0.5928    0.6384    0.6840    0.7296    0.7752
   -0.7752   -0.7296   -0.6840   -0.6384   -0.5928   -0.5472   -0.5016   -0.4560   -0.4104   -0.3648   -0.3192   -0.2736   -0.2280   -0.1824   -0.1368   -0.0912   -0.0456    0.0000    0.0456    0.0912    0.1368    0.1824    0.2280    0.2736    0.3192    0.3648    0.4104    0.4560    0.5016    0.5472    0.5928    0.6384    0.6840    0.7296    0.7752
   -0.7752   -0.7296   -0.6840   -0.6384   -0.5928   -0.5472   -0.5016   -0.4560   -0.4104   -0.3648   -0.3192   -0.2736   -0.2280   -0.1824   -0.1368   -0.0912   -0.0456    0.0000    0.0456    0.0912    0.1368    0.1824    0.2280    0.2736    0.3192    0.3648    0.4104    0.4560    0.5016    0.5472    0.5928    0.6384    0.6840    0.7296    0.7752
   -0.7752   -0.7296   -0.6840   -0.6384   -0.5928   -0.5472   -0.5016   -0.4560   -0.4104   -0.3648   -0.3192   -0.2736   -0.2280   -0.1824   -0.1368   -0.0912   -0.0456    0.0000    0.0456    0.0912    0.1368    0.1824    0.2280    0.2736    0.3192    0.3648    0.4104    0.4560    0.5016    0.5472    0.5928    0.6384    0.6840    0.7296    0.7752
   -0.7752   -0.7296   -0.6840   -0.6384   -0.5928   -0.5472   -0.5016   -0.4560   -0.4104   -0.3648   -0.3192   -0.2736   -0.2280   -0.1824   -0.1368   -0.0912   -0.0456    0.0000    0.0456    0.0912    0.1368    0.1824    0.2280    0.2736    0.3192    0.3648    0.4104    0.4560    0.5016    0.5472    0.5928    0.6384    0.6840    0.7296    0.7752
   -0.7752   -0.7296   -0.6840   -0.6384   -0.5928   -0.5472   -0.5016   -0.4560   -0.4104   -0.3648   -0.3192   -0.2736   -0.2280   -0.1824   -0.1368   -0.0912   -0.0456    0.0000    0.0456    0.0912    0.1368    0.1824    0.2280    0.2736    0.3192    0.3648    0.4104    0.4560    0.5016    0.5472    0.5928    0.6384    0.6840    0.7296    0.7752
   -0.7752   -0.7296   -0.6840   -0.6384   -0.5928   -0.5472   -0.5016   -0.4560   -0.4104   -0.3648   -0.3192   -0.2736   -0.2280   -0.1824   -0.1368   -0.0912   -0.0456    0.0000    0.0456    0.0912    0.1368    0.1824    0.2280    0.2736    0.3192    0.3648    0.4104    0.4560    0.5016    0.5472    0.5928    0.6384    0.6840    0.7296    0.7752
   -0.7752   -0.7296   -0.6840   -0.6384   -0.5928   -0.5472   -0.5016   -0.4560   -0.4104   -0.3648   -0.3192   -0.2736   -0.2280   -0.1824   -0.1368   -0.0912   -0.0456    0.0000    0.0456    0.0912    0.1368    0.1824    0.2280    0.2736    0.3192    0.3648    0.4104    0.4560    0.5016    0.5472    0.5928    0.6384    0.6840    0.7296    0.7752
   -0.7752   -0.7296   -0.6840   -0.6384   -0.5928   -0.5472   -0.5016   -0.4560   -0.4104   -0.3648   -0.3192   -0.2736   -0.2280   -0.1824   -0.1368   -0.0912   -0.0456    0.0000    0.0456    0.0912    0.1368    0.1824    0.2280    0.2736    0.3192    0.3648    0.4104    0.4560    0.5016    0.5472    0.5928    0.6384    0.6840    0.7296    0.7752
   -0.7752   -0.7296   -0.6840   -0.6384   -0.5928   -0.5472   -0.5016   -0.4560   -0.4104   -0.3648   -0.3192   -0.2736   -0.2280   -0.1824   -0.1368   -0.0912   -0.0456    0.0000    0.0456    0.0912    0.1368    0.1824    0.2280    0.2736    0.3192    0.3648    0.4104    0.4560    0.5016    0.5472    0.5928    0.6384    0.6840    0.7296    0.7752
   -0.7752   -0.7296   -0.6840   -0.6384   -0.5928   -0.5472   -0.5016   -0.4560   -0.4104   -0.3648   -0.3192   -0.2736   -0.2280   -0.1824   -0.1368   -0.0912   -0.0456    0.0000    0.0456    0.0912    0.1368    0.1824    0.2280    0.2736    0.3192    0.3648    0.4104    0.4560    0.5016    0.5472    0.5928    0.6384    0.6840    0.7296    0.7752
   -0.7752   -0.7296   -0.6840   -0.6384   -0.5928   -0.5472   -0.5016   -0.4560   -0.4104   -0.3648   -0.3192   -0.2736   -0.2280   -0.1824   -0.1368   -0.0912   -0.0456    0.0000    0.0456    0.0912    0.1368    0.1824    0.2280    0.2736    0.3192    0.3648    0.4104    0.4560    0.5016    0.5472    0.5928    0.6384    0.6840    0.7296    0.7752
   -0.7752   -0.7296   -0.6840   -0.6384   -0.5928   -0.5472   -0.5016   -0.4560   -0.4104   -0.3648   -0.3192   -0.2736   -0.2280   -0.1824   -0.1368   -0.0912   -0.0456    0.0000    0.0456    0.0912    0.1368    0.1824    0.2280    0.2736    0.3192    0.3648    0.4104    0.4560    0.5016    0.5472    0.5928    0.6384    0.6840    0.7296    0.7752
